010001
010002
010003
010004
010005
010006
010007
010008
010009
010010
010011
010012
010013
010014
010015
010016
010017
010018
010019
010020
010021
010022
010023
010024
010025
010026
010027
010028
010029
010030
010031
010032
010033
010034
010035
010036
010037
010038
010039
010040
010041
010042
010043
010044
010045
010046
010047
010048
010049
010050
010051
010052
010053
010054
010055
010056
010057
010058
010059
010060
010061
010062
010063
010064
010065
010066
010067
010068
010069
010070
010071
010072
010073
010074
010075
010076
010077
010078
010079
010080
010081
010082
010083
010084
010085
010086
010087
010088
010089
010090
010091
010092
010093
010094
010095
010096
010097
010098
010099
010100
010101
010102
010103
010104
010105
010106
010107
010108
010109
010110
010111
010112
010113
010114
010115
010116
010117
010118
010119
010120
010121
010122
010123
010124
010125
010126
010127
010128
010129
010130
010131
010132
010133
010134
010135
010136
010137
010138
010139
010140
010141
010142
010143
010144
010145
010146
010147
010148
010149
010150
010151
010152
010153
010154
010155
010156
010157
010158
010159
010160
010161
010162
010163
010164
010165
010166
010167
010168
010169
010170
010171
010172
010173
010174
010175
010176
010177
010178
010179
010180
010181
010182
010183
010184
010185
010186
010187
010188
010189
010190
010191
010192
010193
010194
010195
010196
010197
010198
010199
010200
010201
010202
010203
010204
010205
010206
010207
010208
010209
010210
010211
010212
010213
010214
010215
010216
010217
010218
010219
010220
010221
010222
010223
010224
010225
010226
010227
010228
010229
010230
010231
010232
010233
010234
010235
010236
010237
010238
010239
010240
010241
010242
010243
010244
010245
010246
010247
010248
010249
010250
010251
010252
010253
010254
010256
010257
010258
010259
010260
010261
010262
010263
010264
010265
010266
010267
010268
010269
010270
010271
010272
010273
010274
010275
010276
010277
010278
010279
010280
010281
010282
010283
010284
010285
010286
010287
010288
010289
010290
010291
010292
010293
010294
010295
010296
010297
010298
010299
010300
010301
010302
010303
010304
010305
010306
010307
010308
010309
010310
010311
010312
010313
010314
010315
010316
010317
010318
010319
010320
010321
010322
010323
010324
010325
010326
010327
010328
010329
010330
010331
010332
010333
010334
010335
010336
010337
010338
010339
010340
010341
010342
010343
010344
010345
010346
010347
010348
010349
010350
010351
010352
010353
010354
010355
010356
010357
010358
010359
010360
010361
010362
010363
010364
010365
010366
010367
010368
010369
010370
010371
010372
010373
010374
010375
010376
010377
010378
010379
010380
010381
010382
010383
010384
010385
010386
010387
010388
010389
010390
010391
010392
010393
010394
010395
010396
010397
010398
010399
010400
010401
010402
010403
010404
010405
010406
010407
010408
010409
010410
010411
010412
010413
010414
010415
010416
010417
010418
010419
010420
010421
010422
010423
010424
010425
010426
010427
010428
010429
010430
010431
010432
010433
010434
010435
010436
010437
010438
010439
010440
010441
010442
010443
010444
010445
010446
010447
010448
010449
010450
010451
010452
010453
010454
010455
010456
010457
010458
010459
010460
010461
010462
010463
010464
010465
010466
010467
010468
010469
010470
010471
010472
010473
010474
010475
010476
010477
010478
010479
010480
010481
010482
010483
010484
010485
010486
010487
010488
010489
010490
010491
010492
010493
010494
010495
010496
010497
010498
010499
010500
010501
010502
010503
010504
010505
010506
010507
010508
010509
010510
010511
010512
010513
010514
010515
010516
010517
010518
010519
010520
010521
010522
010523
010524
010525
010526
010527
010528
010529
010530
010531
010532
010533
010534
010535
010536
010537
010538
010539
010540
010541
010542
010543
010544
010545
010546
010547
010548
010549
010550
010551
010552
010553
010554
010555
010556
010557
010558
010559
010560
010561
010562
010563
010564
010565
010566
010567
010568
010569
010570
010571
010572
010573
010574
010575
010576
010577
010578
010579
010580
010581
010582
010583
010584
010585
010586
010587
010588
010589
010590
010591
010592
010593
010594
010595
010596
010597
010598
020001
020002
020003
020004
020005
020006
020007
020008
020009
020010
020011
020012
020013
020014
020015
020016
020017
020018
020019
020020
020021
020022
020023
020024
020025
020026
020027
020028
020029
020030
020031
020032
020033
020034
020035
020036
020037
020038
020039
020040
020041
020042
020043
020044
020045
020046
020047
020048
020049
020050
020051
020052
020053
020054
020055
020056
020057
020058
020059
020060
020061
020062
020063
020064
020065
020066
020067
020068
020069
020070
020071
020072
020073
020074
020075
020076
020077
020078
020079
020080
020081
020082
020083
020084
020085
020086
020087
020088
020089
020090
020091
020092
020093
020094
020095
020096
020097
020098
020099
020100
020101
020102
020103
020104
020105
020106
020107
020108
020109
020110
020111
020112
020113
020114
020115
020116
020117
020118
020119
020120
020121
020122
020123
020124
020125
020126
020127
020128
020129
020130
020131
020132
020133
020134
020135
020136
020137
020138
020139
020140
020141
020142
020143
020144
020145
020146
020147
020148
020149
020150
020151
020152
020153
020154
020155
020156
020157
020158
020159
020160
020161
020162
020163
020164
020165
020166
020167
020168
020169
020170
020171
020172
020173
020174
020175
020176
020177
020178
020179
020180
020181
020182
020183
020184
020185
020186
020187
020188
020189
020190
020191
020192
020193
020194
020195
020196
020197
020198
020199
020200
020201
020202
020203
020204
020205
020206
020207
020208
020209
020210
020211
020212
020213
020214
020215
020216
020217
020218
020219
020220
020221
020222
020223
020224
020225
020226
020227
020228
020229
020230
020231
020232
020233
020234
020235
020236
020237
020238
020239
020240
020241
020242
020243
020244
020245
020246
020247
020248
020249
020250
020251
020252
020253
020254
020255
020256
020257
020258
020259
020260
020261
020262
020263
020264
020265
020266
020267
020268
020269
020270
020271
020272
020273
020274
020275
020276
020277
020278
020279
020280
020281
020282
020283
020284
020285
020286
020287
020288
020289
020290
020291
020292
020293
020294
020295
020296
020297
020298
020299
020300
020301
020302
020303
020304
020305
020306
020307
020308
020309
020310
020311
020312
020313
020314
020315
020316
020317
020318
020319
020320
020321
020322
020323
020324
020325
020326
020327
020328
020329
020330
020331
020332
020333
020334
020335
020336
020337
020338
020339
020340
020341
020342
020343
020344
020345
020346
020347
020348
020349
020350
020351
020352
020353
020354
020355
020356
020357
020358
020359
020360
020361
020362
020363
020364
020365
020366
020367
020368
020369
020370
020371
020372
020373
020374
020375
020376
020377
020378
020379
020380
020381
020382
020383
020384
020385
020386
020387
020388
020389
020390
020391
020392
020393
020394
020395
020396
020397
020398
020399
020400
020401
020402
020403
020404
020405
020406
020407
020408
020409
020410
020411
020412
020413
020414
020415
020416
020417
020418
020419
020420
020421
020422
020423
020424
020425
020426
020427
020428
020429
020430
020431
020432
020433
020434
020435
020436
020437
020438
020439
020440
020441
020442
020443
020444
020445
020446
020447
020448
020449
020450
020451
020452
020453
020454
020455
020456
020457
020458
020459
020460
020461
020462
020463
020464
020465
020466
020467
020468
020469
020470
020471
020472
020473
020474
020475
020476
020477
020478
020479
020480
020481
020482
020483
020484
020485
020486
020487
020488
020489
020490
020491
020492
020493
020494
020495
020496
020497
020498
020499
020500
030001
030002
030003
030004
030005
030006
030007
030008
030009
030010
030011
030012
030013
030014
030015
030016
030017
030018
030019
030020
030021
030022
030023
030024
030025
030026
030027
030028
030029
030030
030031
030032
030033
030034
030035
030036
030037
030038
030039
030040
030041
030042
030043
030044
030045
030046
030047
030048
030049
030050
030051
030052
030053
030054
030055
030056
030057
030058
030059
030060
030061
030062
030063
030064
030065
030066
030067
030068
030069
030070
030071
030072
030073
030074
030075
030076
030077
030078
030079
030080
030081
030082
030083
030084
030085
030086
030087
030088
030089
030090
030091
030092
030093
030094
030095
030096
030097
030098
030099
030100
030101
030102
030103
030104
030105
030106
030107
030108
030109
030110
030111
030112
030113
030114
030115
030116
030117
030118
030119
030120
030121
030122
030123
030124
030125
030126
030127
030128
030129
030130
030131
030132
030133
030134
030135
030136
030137
030138
030139
030140
030141
030142
030143
030144
030145
030146
030147
030148
030149
030150
030151
030152
030153
030154
030155
030156
030157
030158
030159
030160
030161
030162
030163
030164
030165
030166
030167
030168
030169
030170
030171
030172
030173
030174
030175
030176
030177
030178
030179
030180
030181
030182
030183
030184
030185
030186
030187
030188
030189
030190
030191
030192
030193
030194
030195
030196
030197
030198
030199
030200
030201
030202
030203
030204
030205
030206
030207
030208
030209
030210
030211
030212
030213
030214
030215
030216
030217
030218
030219
030220
030221
030222
030223
030224
030225
030226
030227
030228
030229
030230
030231
030232
030233
030234
030235
030236
030237
030238
030239
030240
030241
030242
030243
030244
030245
030246
030247
030248
030249
030250
030251
030252
030253
030254
030255
030256
030257
030258
030259
030260
030261
030262
030263
030264
030265
030266
030267
030268
030269
030270
030271
030272
030273
030274
030275
030276
030277
030278
030279
030280
030281
030282
030283
030284
030285
030286
030287
030288
030289
030290
030291
030292
030293
030294
030295
030296
030297
030299
030300
030301
030302
030303
030304
030305
030306
030307
030308
030309
030310
030311
030312
030313
030314
030315
030316
030317
030318
030319
030320
030321
030322
030323
030324
030325
030326
030327
030328
030329
030330
030331
030332
030333
030334
030335
030336
030337
030338
030339
030340
030341
030342
030343
030344
030345
030346
030347
030348
030349
030350
030351
030352
030353
030354
030355
030356
030357
030358
030359
030360
030361
030362
030363
030364
030365
030366
030367
030368
030369
030370
030371
030372
030373
030374
030375
030376
030377
030378
030379
030380
030381
030382
030383
030384
030385
030386
030387
030388
030389
030390
030391
030392
030393
030394
030395
030396
030397
030398
030399
030400
030401
030402
030403
030404
030405
030406
030407
030408
030409
030410
030411
030412
030413
030414
030415
030416
030417
030418
030419
030420
030421
030422
030423
030424
030425
030426
030427
030428
030429
030430
030431
030432
030433
030434
030435
030436
030437
030438
030439
030440
030441
030442
030443
030444
030445
030446
030447
030448
030449
030450
030451
030452
030453
030454
030455
030456
030457
030458
030459
030460
030461
030462
030463
030464
030465
030466
030467
030468
030469
030470
030471
030472
030473
030474
040001
040002
040003
040004
040005
040006
040007
040008
040009
040010
040011
040012
040013
040014
040015
040016
040017
040018
040019
040020
040021
040022
040023
040024
040025
040026
040027
040028
040029
040030
040031
040032
040033
040034
040035
040036
040037
040038
040040
040041
040042
040043
040044
040045
040046
040047
040048
040049
040050
040051
040052
040053
040054
040055
040056
040057
040058
040059
040060
040061
040062
040063
040064
040065
040066
040067
040068
040069
040070
040071
040072
040073
040074
040075
040076
040077
040078
040079
040080
040081
040082
040083
040084
040085
040086
040087
040088
040089
040090
040091
040092
040093
040094
040095
040096
040097
040098
040099
040100
040101
040102
040103
040104
040105
040106
040107
040108
040109
040110
040111
040112
040113
040114
040115
040116
040117
040118
040119
040120
040121
040122
040123
040124
040125
040126
040127
040128
040129
040130
040131
040132
040133
040134
040135
040136
040137
040138
040139
040140
040141
040142
040143
040144
040145
040146
040147
040148
040149
040150
040151
040152
040153
040154
040155
040156
040157
040158
040159
040160
040161
040162
040163
040164
040165
040166
040167
040168
040169
040170
040171
040172
040173
040174
040175
040176
040177
040178
040179
040180
040181
040182
040183
040184
040185
040186
040187
040188
040189
040190
040191
040192
040193
040194
040195
040196
040197
040198
040199
040200
040201
040202
040203
040204
040205
040206
040207
040208
040209
040210
040211
040212
040213
040214
040215
040216
040217
040218
040219
040220
040221
040222
040223
040224
040225
040226
040227
040228
040229
040230
040231
040232
040233
040234
040235
040236
040237
040238
040239
040240
040241
040242
040243
040244
040245
040246
040247
040248
040249
040250
040251
040252
040253
040254
040255
040256
040257
040258
040259
040260
040261
040262
040263
040264
040265
040266
040267
040268
040269
040270
040271
040272
040273
040274
040275
040276
040277
040278
040279
040280
040281
040282
040283
040284
040285
040286
040287
040288
040289
040290
040291
040292
040293
040294
040295
040296
040297
040298
040299
040300
040301
040302
040303
040304
040305
040306
040307
040308
040309
040310
040311
040312
040313
040314
040315
040316
040317
040318
040319
040320
040321
040322
040323
040324
040325
040326
040327
040328
040329
040330
040331
040332
040333
040334
040335
040336
040337
040338
040339
040340
040341
040342
040343
040344
040345
040346
040347
040348
040349
040350
040351
040352
040353
040354
040355
040356
040357
040358
040359
040360
040361
040362
040363
040364
040365
040366
040367
040368
040369
040370
040371
040372
040373
040374
040375
040376
040377
040378
040379
040380
040381
040382
040383
040384
040385
040386
040387
040388
040389
040390
040391
040392
040393
040394
040395
040396
040397
040398
040399
040400
040401
040402
040403
040404
040405
040406
040407
040408
040409
040410
040411
040412
040413
040414
040415
040416
040417
040418
040419
040420
040421
040422
040423
040424
040425
040426
040427
040428
040429
040431
040432
040433
040434
040435
040436
040437
040438
040439
040440
040441
040442
040443
040444
040445
040446
040447
040448
040449
040450
040451
040452
040453
040454
040455
040456
040457
040458
040459
040460
040461
040462
040463
040464
040465
040466
040467
040468
040469
040470
040471
040472
040473
040474
040475
050001
050002
050003
050004
050005
050006
050007
050008
050009
050010
050011
050012
050013
050014
050015
050016
050017
050018
050019
050020
050021
050022
050023
050024
050025
050026
050027
050028
050029
050030
050031
050032
050033
050034
050035
050036
050037
050038
050039
050040
050041
050042
050043
050044
050045
050046
050047
050048
050049
050050
050051
050052
050053
050054
050055
050056
050057
050058
050059
050060
050061
050062
050063
050064
050065
050066
050067
050068
050069
050070
050071
050072
050073
050074
050075
050076
050077
050078
050079
050080
050081
050082
050083
050084
050085
050086
050087
050088
050089
050090
050091
050092
050093
050094
050095
050096
050097
050098
050099
050100
050101
050102
050103
050104
050105
050106
050107
050108
050109
050110
050111
050112
050113
050114
050115
050116
050117
050118
050119
050120
050121
050122
050123
050124
050125
050126
050127
050128
050129
050130
050131
050132
050133
050134
050135
050136
050137
050138
050139
050140
050141
050142
050143
050144
050145
050146
050147
050148
050149
050150
050151
050152
050153
050154
050155
050156
050157
050158
050159
050160
050161
050162
050163
050164
050165
050166
050167
050168
050169
050170
050171
050172
050173
050174
050175
050176
050177
050178
050179
050180
050181
050182
050183
050184
050185
050186
050187
050188
050189
050190
050191
050192
050193
050194
050195
050196
050197
050198
050199
050200
050201
050202
050203
050204
050205
050206
050207
050208
050209
050210
050211
050212
050213
050214
050215
050216
050217
050218
050219
050220
050221
050222
050223
050224
050225
050226
050227
050228
050229
050230
050231
050232
050233
050234
050235
050236
050237
050238
050239
050240
050241
050242
050243
050244
050245
050246
050247
050248
050249
050250
050251
050252
050253
050254
050255
050256
050257
050258
050259
050260
050261
050262
050263
050264
050265
050266
050267
050268
050269
050270
050271
050272
050273
050274
050275
050276
050277
050278
050279
050280
050281
050282
050283
050284
050285
050286
050287
050288
050289
050290
050291
050292
050293
050294
050295
050296
050297
050298
050299
050300
050301
050302
050303
050304
050305
050306
050307
050308
050309
050310
050311
050312
050313
050314
050315
050316
050317
050318
050319
050320
050321
050322
050323
050324
050325
050326
050327
050328
050329
050330
050331
050332
050333
050334
050335
050336
050337
050338
050339
050340
050341
050342
050343
050344
050345
050346
050347
050348
050349
050350
050351
050352
050353
050354
050355
050356
050357
050358
050359
050360
050361
050362
050363
050364
050365
050366
050367
050368
050369
050370
050371
050372
050373
050374
050375
050376
050377
050378
050379
050380
050381
050382
050383
050384
050385
050386
050387
050388
050389
050390
050391
050392
050393
050394
050395
050396
050397
050398
050399
050400
050401
050402
050403
050404
050405
050406
050407
050408
050409
050410
050411
050412
050413
050414
050415
050416
050417
050418
050419
050420
050421
050422
050423
050424
050425
050426
050427
050428
060001
060002
060003
060004
060005
060006
060007
060008
060009
060010
060011
060012
060013
060014
060015
060016
060017
060018
060019
060020
060021
060022
060023
060024
060025
060026
060027
060028
060029
060030
060031
060032
060033
060034
060035
060036
060037
060038
060039
060040
060041
060042
060043
060044
060045
060046
060047
060048
060049
060050
060051
060052
060053
060054
060055
060056
060057
060058
060059
060060
060061
060062
060063
060064
060065
060066
060067
060068
060069
060070
060071
060072
060073
060074
060075
060076
060077
060078
060079
060080
060081
060082
060083
060084
060085
060086
060087
060088
060089
060090
060091
060092
060093
060094
060095
060096
060097
060098
060099
060100
060101
060102
060103
060104
060105
060106
060107
060108
060109
060110
060111
060112
060113
060114
060115
060116
060117
060118
060119
060120
060121
060122
060123
060124
060125
060126
060127
060128
060129
060130
060131
060132
060133
060134
060135
060136
060137
060138
060139
060140
060141
060142
060143
060144
060145
060146
060147
060148
060149
060150
060151
060152
060153
060154
060155
060156
060157
060158
060159
060160
060161
060162
060163
060164
060165
060166
060167
060168
060169
060170
060171
060172
060173
060174
060175
060176
060177
060178
060179
060180
060181
060182
060183
060184
060185
060186
060187
060188
060189
060190
060191
060192
060193
060194
060195
060196
060197
060198
060199
060200
060201
060202
060203
060204
060205
060206
060207
060208
060209
060210
060211
060212
060213
060214
060215
060216
060217
060218
060219
060220
060221
060222
060223
060224
060225
060226
060227
060228
060229
060230
060231
060232
060233
060234
060235
060236
060237
060238
060239
060240
060241
060242
060243
060244
060245
060246
060247
060248
060249
060250
060251
060252
060253
060254
060255
060256
060257
060258
060259
060260
060261
060262
060263
060264
060265
060266
060267
060268
060269
060270
060271
060272
060273
060274
060275
060276
060277
060278
060279
060280
060281
060282
060283
060284
060285
060286
060287
060288
060289
060290
060291
060292
060293
060294
060295
060296
060297
060298
060299
060300
060301
060302
060303
060304
060305
060306
060307
060308
060309
060310
060311
060312
060313
060314
060315
060316
060317
060318
060319
060320
060321
060322
060323
060324
060325
060326
060327
060328
060329
060330
060331
060332
060333
060334
060335
060336
060337
060338
060339
060340
060341
060342
060343
060344
060345
060346
060347
060348
060349
060350
060351
060352
060353
060354
060355
060356
060357
060358
060359
060360
060361
060362
060363
060364
060365
060366
060367
060368
060369
060370
060371
060372
060373
060374
060375
060376
060377
060378
060379
060380
060381
060382
060383
060384
060385
060386
060387
060388
060389
060390
060391
060392
060393
060394
060395
060396
060397
060398
060399
060400
060401
060402
060403
060404
060405
060406
060407
060408
060409
060410
060411
060412
060413
060414
060415
060416
060417
060418
060419
060420
060421
060422
060423
060424
060425
060426
060427
060428
060429
060430
060431
060432
060433
060434
060435
060436
060437
060438
060439
060440
060441
060442
060443
060444
060445
060446
060447
060448
060449
060450
060451
060452
060453
060454
060455
060456
060457
060458
060459
060460
060461
060462
060463
060464
060465
060466
060467
060468
060469
060470
060471
060472
060473
060474
060475
060476
060477
060478
060479
060480
060481
060482
060483
060484
060485
060486
060487
060488
060489
060490
060491
060492
060493
060494
060495
060496
060497
060498
060499
060500
060501
060502
060503
060504
060505
060506
060507
060508
060509
060510
060511
060512
060513
060514
060515
070001
070002
070003
070004
070005
070006
070007
070008
070009
070010
070011
070012
070013
070014
070015
070016
070017
070018
070019
070020
070021
070022
070023
070024
070025
070026
070027
070028
070029
070030
070031
070032
070033
070034
070035
070036
070037
070038
070039
070040
070041
070042
070043
070044
070045
070046
070047
070048
070049
070050
070051
070052
070053
070054
070055
070056
070057
070058
070059
070060
070061
070062
070063
070064
070065
070066
070067
070068
070069
070070
070071
070072
070073
070074
070075
070076
070077
070078
070079
070080
070081
070082
070083
070084
070085
070086
070087
070088
070089
070090
070091
070092
070093
070094
070095
070096
070097
070098
070099
070100
070101
070102
070103
070104
070105
070106
070107
070108
070109
070110
070111
070112
070113
070114
070115
070116
070117
070118
070119
070120
070121
070122
070123
070124
070125
070126
070127
070128
070129
070130
070131
070132
070133
070134
070135
070136
070137
070138
070139
070140
070141
070142
070143
070144
070145
070146
070147
070148
070149
070150
070151
070152
070153
070154
070155
070156
070157
070158
070159
070160
070161
070162
070163
070164
070165
070166
070167
070168
070169
070170
070171
070172
070173
070174
070175
070176
070177
070178
070179
070180
070181
070182
070183
070184
070185
070186
070187
070188
070189
070190
070191
070192
070193
070194
070195
070196
070197
070198
070199
070200
070201
070202
070203
070204
070205
070206
070207
070208
070209
070210
070211
070212
070213
070214
070215
070216
070217
070218
070219
070220
070221
070222
070223
070224
070225
070226
070227
070228
070230
070231
070232
070233
070234
070235
070236
070237
070238
070239
070240
070241
070242
070243
070244
070245
070246
070247
070248
070249
070250
070251
070252
070253
070254
070255
070256
070257
070258
070259
070260
070261
070262
070263
070264
070265
070266
070267
070268
070269
070270
070271
070272
070273
070274
070275
070276
070277
070278
070279
070280
070281
070282
070283
070284
070285
070286
070287
070288
070289
070290
070291
070292
070293
070294
070295
070296
070297
070298
070299
070300
070301
070302
070303
070304
070305
070306
070307
070309
070310
070311
070312
070313
070314
070315
070316
070317
070318
070319
070320
070321
070322
070323
070324
070325
070326
070327
070328
070329
070330
070331
070332
070333
070334
070335
070336
070337
070338
070339
070340
070341
070342
070343
070344
070345
070346
070347
070348
070349
070350
070351
070352
070353
070354
070355
070356
070357
070358
070359
070360
070361
070362
070363
070364
070365
070366
070367
070368
070369
070370
070371
070372
070373
070374
070375
070376
070377
070378
070379
070380
070381
070382
070383
070384
070385
070386
070387
070388
070389
070390
070391
070392
070393
070394
070395
070396
070397
070398
070399
070400
070401
070402
070403
070404
070405
070406
070407
070408
070409
070410
070411
070412
070413
070414
070415
070416
070417
070418
070419
070420
070421
070422
070423
070424
070425
070426
070427
070428
070429
070430
070431
070432
070433
070434
070435
070436
070437
070438
070439
070440
070441
070442
070443
070444
070445
070446
070447
070448
070449
070450
070451
070452
070453
070454
080001
080002
080003
080004
080005
080006
080007
080008
080009
080010
080011
080012
080013
080014
080015
080016
080017
080018
080019
080020
080021
080022
080023
080024
080025
080026
080027
080028
080029
080030
080031
080032
080033
080034
080035
080036
080037
080038
080039
080040
080041
080042
080043
080044
080045
080046
080047
080048
080049
080050
080051
080052
080053
080054
080055
080056
080057
080058
080059
080060
080061
080062
080063
080064
080065
080066
080067
080068
080069
080070
080071
080072
080073
080074
080075
080076
080077
080078
080079
080080
080081
080082
080083
080084
080085
080086
080087
080088
080089
080090
080091
080092
080093
080094
080095
080096
080097
080098
080099
080100
080101
080102
080103
080104
080106
080107
080108
080109
080110
080111
080112
080113
080114
080115
080116
080117
080118
080119
080120
080121
080122
080123
080124
080125
080126
080127
080128
080129
080130
080131
080132
080133
080134
080135
080136
080137
080138
080139
080140
080141
080142
080143
080144
080145
080146
080147
080148
080149
080150
080151
080152
080153
080154
080155
080156
080157
080158
080159
080160
080161
080162
080163
080164
080165
080166
080167
080169
080170
080171
080172
080174
080175
080176
080177
080178
080179
080180
080181
080182
080183
080184
080185
080186
080187
080188
080189
080190
080191
080192
080193
080194
080195
080196
080197
080198
080199
080200
080201
080202
080203
080204
080205
080206
080207
080208
080209
080210
080211
080212
080213
080214
080215
080216
080217
080218
080219
080220
080221
080222
080223
080224
080225
080226
080227
080228
080229
080230
080231
080232
080233
080234
080235
080236
080237
080238
080239
080240
080241
080242
080243
080244
080245
080246
080247
080248
080249
080250
080251
080252
080253
080254
080255
080256
080257
080258
080259
080260
080261
080262
080263
080264
080265
080266
080267
080268
080269
080270
080271
080272
080273
080274
080275
080276
080277
080278
080279
080280
080281
080282
080283
080284
080285
080286
080287
080288
080289
080290
080291
080292
080293
080294
080295
080296
080297
080298
080299
080300
080301
080302
080303
080304
080305
080306
080307
080308
080309
080310
080311
080312
080313
080314
080315
080316
080317
080318
080319
080320
080321
080322
080323
080324
080325
080326
080327
080328
080329
080330
080331
080332
080333
080334
080335
080336
080337
080338
080339
080340
080341
080342
080343
080344
080345
080346
080347
080348
080349
080350
080351
080352
080353
080354
080355
080356
080357
080358
080359
080360
080361
080362
080363
080364
080365
080366
080367
080368
080369
080370
080371
080372
080373
080374
080375
080376
080377
080378
080379
080381
080382
080383
080384
080385
080386
080387
080388
080389
080390
080391
080392
080393
080394
080395
080396
080397
080398
080399
080400
080401
080402
080403
080404
080405
080406
080407
080409
080410
080411
080412
080413
080414
080415
080416
080417
080418
080419
080420
080421
080422
080423
080424
080425
080426
080427
080428
080429
080430
080431
080432
080433
080434
080435
080436
080437
080438
080439
080440
080441
080442
080443
080444
080445
080446
080447
080448
080449
080450
080451
080452
080453
080454
080455
080456
080457
080458
080459
080460
080461
080462
080463
080464
080465
080466
080467
080468
080469
080470
080471
080472
080473
080474
080475
080476
080477
080478
080479
080480
080481
080482
080483
080484
080485
080486
080487
080488
080489
080490
080491
080492
080493
080494
080495
080496
080497
080498
080499
080500
080501
080502
080503
080504
080505
080506
080507
080508
080509
080510
080511
080512
080513
080514
080515
080516
080517
080518
080519
080520
080521
080522
080523
080524
080525
080526
080527
080528
080529
080530
080531
080532
080533
080534
080535
080536
080537
080538
080539
080540
080541
080542
080543
080544
080545
080546
080547
080548
080549
080550
080551
080552
080553
080554
080555
080556
080557
080558
080559
080560
080561
080562
080563
080564
080565
080566
080568
080569
080570
080571
080572
080573
080574
080575
080576
080577
080578
080579
080580
080581
080582
080583
080584
080585
080586
080587
080588
080589
080590
080591
080592
080593
080594
080595
080596
080597
080598
080599
080600
080601
080602
080603
080604
080605
080606
080607
080608
080609
080610
080611
080612
080613
080614
080615
080616
080617
080618
080619
080620
080621
080622
080623
080624
080625
080626
080627
080628
080629
080630
080631
080632
080633
080634
080635
080636
080637
080638
080639
080640
080641
080642
080643
080644
080645
080646
080647
080648
080649
080650
080651
080652
080653
080654
080655
080656
080657
080658
080659
080660
080661
080662
080663
080664
080665
080666
080667
080668
080669
080670
080671
080672
080673
080674
080675
080676
080677
080678
080679
080680
080681
080682
080683
080684
080685
080686
080687
080688
080689
080690
080691
080692
080693
080694
080695
080696
080697
080698
080699
080700
080701
080702
080703
080704
080705
080706
080707
080708
080710
080711
080712
080713
080714
080715
080716
080717
080718
080719
080720
080721
080722
080723
080724
080725
080726
080727
080728
080729
080730
080731
080732
080733
080734
080735
080736
080737
080738
080739
080740
080741
080742
080743
080744
080745
080746
080747
080748
080749
080750
080751
080752
080753
080754
080755
080756
080757
080758
080759
080760
080761
080762
080763
080764
080765
080766
080767
080768
080769
080770
080771
080772
080773
080774
080775
080776
080777
080778
080779
080780
080781
080782
080783
080784
080785
080786
080787
080788
080789
080790
080791
080792
080793
080794
080795
080796
080797
080798
080799
080800
080801
080803
080804
080805
080806
080807
080808
080809
080810
080811
080812
080813
080814
080815
080816
080817
080818
080819
080820
080821
080822
080823
080824
080825
080826
080827
080828
080829
080830
080831
080832
080833
080834
080835
080836
080837
080838
080839
080840
080841
080842
080843
080844
080845
080846
080847
080848
080849
080850
080851
080852
080853
080854
080855
080856
080857
080858
080859
080860
080861
080862
080863
080864
080865
080866
080867
080868
080869
080870
080871
080873
080874
080875
080876
080877
080878
080879
080880
080881
080882
080883
080884
080885
080886
080887
080888
080889
080890
080891
080892
080893
080894
080895
080896
080897
080898
080899
080900
080901
080902
080903
080904
080905
080906
080907
080908
080909
080910
080911
080912
080913
080914
080915
080916
080917
080918
080919
080920
080921
080922
080923
080924
080925
080926
080927
080928
080929
080930
080931
080932
080933
080934
080935
080936
080937
080938
080939
080940
080941
080942
080943
080944
080945
080946
080947
080948
080949
080950
080951
080952
080953
080954
080955
080956
080957
080958
080959
080960
080961
080962
080963
080964
080965
080966
080967
080968
080969
080970
080971
080972
080973
080974
080975
080976
080977
080978
080979
080980
080981
080982
080983
080984
080985
080986
080987
080988
080989
080990
080991
080992
080993
080994
080995
080996
080997
080998
080999
081000
081001
081002
081003
081004
081005
081006
081007
081008
081009
081010
081011
081012
081013
081014
081015
081016
081017
081018
081019
081020
081021
081022
081023
081024
081025
081026
081027
081028
081029
081030
081031
081032
081033
081034
081035
081036
081037
081038
081039
081040
081041
081042
081043
081044
081045
081046
081047
081048
081049
081050
081051
081052
081053
081054
081055
081056
081057
081058
081059
081060
081061
081062
081063
081064
081065
081066
081067
081068
081069
081070
081071
081072
081073
081074
081075
081076
081077
081078
081079
081080
081081
081082
081083
081084
081085
081086
081087
081088
081089
081090
081091
081092
081093
081094
081095
081096
081097
081098
081099
081100
081101
081102
081103
081104
081105
081106
081107
081108
081109
081110
081111
081112
081113
081114
081115
081116
081117
081118
081119
081120
081121
081122
081123
081124
081125
081126
081127
081128
081129
081130
081131
081132
081133
081134
081135
081136
081137
081138
081139
081140
081141
081142
081143
081144
081145
081146
081147
081148
081149
081150
081151
081152
081153
081154
081155
081156
081157
081158
081159
081160
081161
081162
081163
081164
081165
081166
081167
081168
081169
081170
081171
081172
081173
081174
081175
081176
081177
081178
081179
081180
081181
081182
081183
081184
081185
081186
081187
081188
081189
081190
081191
081192
081193
081194
081195
081196
081197
081198
081199
081200
081201
081202
081203
081204
081205
081206
081207
081208
081209
081210
081211
081212
081213
081214
081215
081216
081217
081218
081219
081220
081221
081222
081223
081224
081225
081226
081227
081228
081229
081230
081231
081232
081233
081234
081235
081236
081237
081238
081239
081240
081241
081242
081243
081244
081245
081246
081247
081248
081249
081250
081251
081252
081253
081254
081255
081256
081257
081258
081259
081260
081261
081262
081263
081264
081265
081266
081267
081268
081269
081270
081271
081272
081273
081274
081275
081276
081277
081278
081279
081280
081281
081282
081283
081284
081285
081286
081287
081288
081289
081290
081291
081292
081293
081294
081295
081296
081297
081298
081299
081300
081301
081302
081303
081304
081305
081306
081307
081308
081309
081310
081311
081312
081313
081314
081315
081316
081317
081318
081319
081320
081321
081322
081323
081324
081325
081326
081327
081328
081329
081330
081331
081332
081333
081334
081335
081336
081337
081338
081339
081340
081341
081342
081343
081344
081345
081346
081347
081348
081349
081350
081351
081352
081353
081354
081355
081356
081357
081358
081359
081360
081361
081362
081363
081364
081365
081366
081367
081368
081369
081370
081371
081372
081373
081374
081375
081376
081377
081378
081379
081380
081381
081382
081383
081384
081385
081386
081387
081388
081389
081390
081391
081392
081393
081394
081395
081396
081397
081398
081399
081400
081401
081402
081403
081404
081405
081406
081407
081408
081409
081410
081411
081412
081413
081414
081415
081416
081417
081418
081419
081420
081421
081422
081423
081424
081425
081426
081427
081428
081429
081430
081431
081432
081433
081434
081435
081436
081437
081438
081439
081440
081441
081442
081443
081444
081445
081446
081447
081448
081449
081450
081451
081452
081453
081454
081455
081456
081457
081458
081459
081460
081461
081462
081463
081464
081465
081466
081467
081468
081469
081470
081471
081472
081473
081474
081475
081476
081477
081478
081479
081480
081481
081482
081483
081484
081485
081486
081487
081488
081489
081490
081491
081492
081493
081494
081495
081496
081497
081498
081499
081500
081501
081502
081503
081504
081505
081506
081507
081508
081509
081510
081511
081512
081513
081514
081515
081516
081517
081518
081519
081520
081521
081522
081523
081524
081525
081526
081527
090001
090002
090003
090004
090005
090006
090007
090008
090009
090010
090011
090012
090013
090014
090015
090016
090017
090018
090019
090020
090021
090022
090023
090024
090025
090026
090027
090028
090029
090030
090031
090032
090033
090034
090035
090036
090037
090038
090039
090040
090041
090042
090043
090044
090045
090046
090047
090048
090049
090050
090051
090052
090053
090054
090055
090056
090057
090058
090059
090060
090061
090062
090063
090064
090065
090066
090067
090068
090069
090070
090071
090072
090073
090074
090075
090076
090077
090078
090079
090080
090081
090082
090083
090084
090085
090086
090087
090088
090089
090090
090091
090092
090093
090094
090095
090096
090097
090098
090099
090100
090101
090102
090103
090104
090105
090106
090107
090108
090109
090110
090111
090112
090113
090114
090115
090116
090117
090118
090119
090120
090121
090122
090123
090124
090125
090126
090127
090128
090129
090130
090131
090132
090133
090134
090135
090136
090137
090138
090139
090140
090141
090142
090143
090144
090145
090146
090147
090148
090149
090150
090151
090152
090153
090154
090155
090156
090157
090158
090159
090160
090161
090162
090163
090164
090165
090166
090167
090168
090169
090170
090171
090172
090173
090174
090175
090176
090177
090178
090179
090180
090181
090182
090183
090184
090185
090186
090187
090188
090189
090190
090191
090192
090193
090194
090195
090196
090197
090198
090199
090200
090201
090202
090203
090204
090205
090206
090207
090208
090209
090210
090211
090212
090213
090214
090215
090216
090217
090218
090219
090220
090221
090222
090223
090224
090225
090226
090227
090228
090229
090230
090231
090232
090233
090234
090235
090236
090237
090238
090239
090240
090241
090242
090243
090244
090245
090246
090247
090248
090249
090250
090251
090252
090253
090254
090255
090256
090257
090258
090259
090260
090261
090262
090263
090264
090265
090266
090267
090268
090269
090270
090271
090272
090273
090274
090275
090276
090277
090278
090279
090280
090281
090282
090283
090284
090285
090286
090287
090288
090289
090290
090291
090292
090293
090294
090295
090296
090297
090298
090299
090300
090301
090302
090303
090304
090305
090306
090307
090308
090309
090310
090311
090312
090313
090314
090315
090316
090317
090318
090319
090320
090321
090322
090323
090324
090325
090326
090327
090328
090329
090330
090331
090332
090333
090334
090335
090336
090337
090338
090339
090340
090341
090342
090343
090344
090345
090346
090347
090348
090349
090350
090351
090352
090353
090354
090355
090356
090357
090358
090359
090360
090361
090362
090363
090364
090365
090366
090367
090368
090369
090370
090371
090372
090373
090374
090375
090376
090377
090378
090379
090380
090381
090382
090383
090384
090385
090386
090387
090388
090389
090390
090391
090392
090393
090394
090395
090396
090397
090398
090399
090400
090401
090402
090403
090404
090405
090406
090407
090408
090409
090410
090411
090412
090413
090414
090415
090416
090417
090418
090419
090420
090421
090422
090423
090424
090425
090426
090427
090428
090429
090430
090431
090432
090433
090434
090435
090436
090437
090438
090439
090440
090441
090442
090443
090444
090445
090446
090447
090448
090449
090450
090451
090452
090453
090454
090455
090456
090457
090458
090459
090460
090461
090462
090463
090464
090465
090466
090467
090468
090469
090470
090471
090472
090473
090474
090475
090476
090477
090478
090479
090480
090481
090482
090483
090484
090485
090486
090487
090488
090489
090490
090491
090492
090493
090494
090495
090496
090497
090498
090499
090500
090501
090502
090503
090504
090505
090506
090507
090508
090509
090510
090511
090512
090513
090514
090515
090516
090517
090518
090519
090520
090521
090522
090523
090524
090525
090526
090527
090528
090529
090530
090531
090532
090533
090534
090535
090536
090537
090538
090539
090540
090541
090542
090543
090544
090545
090546
090547
090548
090549
090550
090551
090552
090553
090554
090555
090556
090557
090558
090559
090560
090561
090562
090563
090564
090565
090566
090567
090568
090569
090570
090571
090572
090573
090574
090575
090576
090577
090578
090579
090580
090581
090582
090583
090584
090585
090586
090587
090588
090589
090590
090591
090592
090593
090594
090595
090596
090597
090598
090599
090600
090601
090602
090603
090604
090605
090606
090607
090608
090609
090610
090611
090612
090613
090614
090615
090616
090617
090618
090619
090620
090621
090622
090623
090624
090625
090626
090627
090628
090629
090630
090631
090632
090633
090634
090635
090636
090637
090638
090639
090640
090641
090642
090643
090644
090645
090646
090647
090648
090649
090650
090651
090652
090653
090654
090655
090656
090657
090658
090659
090660
090661
090662
090663
090664
090665
090666
090667
090668
090669
090670
090671
090672
090673
090674
090675
090676
090677
090678
090679
090680
090681
090682
090683
090684
090685
090686
090687
090688
090689
090690
090691
090692
090693
090694
090695
090696
090697
090698
090699
090700
090701
090702
090703
090704
090705
090706
090707
090708
090709
090710
090711
090712
090713
090714
090715
090716
090717
090718
090719
090720
090721
090722
090723
090724
090725
090726
090727
090728
090729
090730
090731
090732
090733
090734
090735
090736
090737
090738
090739
090740
090741
090742
090743
090744
090745
090746
090747
090748
090749
090750
090751
090752
090753
090754
090755
090756
090757
090758
090759
090760
090761
090762
090763
090764
090765
090766
090767
090768
090769
090770
090771
090772
090773
090774
090775
090776
090777
090778
090779
090780
090781
090782
090783
090784
090785
090786
090787
090788
090789
090790
090791
090792
090793
090794
090795
090796
090797
090798
090799
090800
090801
090802
090803
090804
090805
090806
090807
090808
090809
090810
090811
090812
090813
090814
090815
090816
090817
090819
090820
090821
090822
090823
090824
090825
090826
090827
090828
090829
090830
090831
090832
090833
090834
090835
090836
090837
090838
090839
090840
090841
090842
090843
090844
090845
090846
090847
090848
090849
090850
090851
090852
090853
090854
090855
090856
090857
090858
090859
090860
090861
090862
090863
090864
090865
090866
090867
090868
090869
090870
090871
090872
090873
090874
090875
090876
090877
090878
090879
090880
090881
090882
090883
090884
090885
090886
090887
090888
090889
090890
090891
090892
090893
090894
090895
090896
090897
090898
090899
090900
090901
090902
090903
090904
090905
090906
090907
090908
090909
090910
090911
090912
090913
090914
090915
090916
090917
090918
090919
090920
090921
090922
090923
090924
090925
090926
090927
090928
090929
090930
090931
090932
090933
090934
090935
090936
090937
090938
090939
090940
090941
090942
090943
090944
090945
090946
090947
090948
090949
090950
090951
090952
090953
090954
090955
090956
090957
090958
090959
090960
090961
090962
090963
090964
090965
090966
090967
090968
090969
090970
090971
090972
090973
090974
090975
090976
090977
090978
090979
090980
090981
090982
090983
090984
090985
090986
090987
090988
090989
090990
090991
090992
090993
090994
090995
090996
090997
090998
090999
091000
091001
091002
091003
091004
091005
091006
091007
091008
091009
091010
091011
091012
091013
091014
091015
091016
091017
091018
091019
091020
091021
091022
091023
091024
091025
091026
091027
091028
091029
091030
091031
091032
091033
091034
091035
091036
091037
091038
091039
091040
091041
091042
091043
091044
091045
091046
091047
091048
091049
091050
091051
091052
091053
091054
091055
091056
091057
091058
091059
091060
091061
091062
091063
091064
091065
091066
091067
091068
091069
091070
091071
091072
091073
091074
091075
091076
091077
091078
091079
091080
091081
091082
091083
091084
091085
091086
091087
091088
091089
091090
091091
091092
091093
091094
091095
091096
091097
091098
091099
091100
091101
091102
091103
091104
091105
091106
091107
091108
091109
091110
091111
091112
091113
091114
091115
091116
091117
091118
091119
091120
091121
091122
091123
091124
091125
091126
091127
091128
091129
091130
091131
091132
091133
091134
091135
091136
091137
091138
091139
091140
091141
091142
091143
091144
091145
091146
091147
091148
091149
091150
091151
091152
091153
091154
091155
091156
091157
091158
091159
091160
091161
091162
091163
091164
091165
091166
091167
091168
091169
091170
091171
091172
091173
091174
091175
091176
091177
091178
091179
091180
091181
091182
091183
091184
091185
091186
091187
091188
091189
091190
091191
091192
091193
091194
091195
091196
091197
091198
091199
091200
091201
091202
091203
091204
091205
091206
091207
091208
091209
091210
091211
091212
091213
091214
091215
091216
091217
091218
091219
091220
091221
091222
091223
091224
091225
091226
091227
091228
091229
091230
091231
091232
091233
091234
091235
091236
091237
091238
091239
091240
091241
091242
091243
091244
091245
091246
091247
091248
091249
091250
091251
091252
091253
091254
091255
091256
091257
091258
091259
100001
100002
100003
100004
100005
100006
100007
100008
100009
100010
100011
100012
100013
100014
100015
100016
100017
100018
100019
100020
100021
100022
100023
100024
100025
100026
100027
100028
100029
100030
100031
100032
100033
100034
100035
100036
100037
100038
100039
100040
100041
100042
100043
100044
100045
100046
100047
100048
100049
100050
100051
100052
100053
100054
100055
100056
100057
100058
100059
100060
100061
100062
100063
100064
100065
100066
100067
100068
100069
100070
100071
100072
100073
100074
100075
100076
100077
100078
100079
100080
100081
100082
100083
100084
100085
100086
100087
100088
100089
100090
100091
100092
100093
100094
100095
100096
100097
100098
100099
100100
100101
100102
100103
100104
100105
100106
100107
100108
100109
100110
100111
100112
100113
100114
100115
100116
100117
100118
100119
100120
100121
100122
100123
100124
100125
100126
100127
100128
100129
100130
100131
100132
100133
100134
100135
100136
100137
100138
100139
100140
100141
100142
100143
100144
100145
100146
100147
100148
100149
100150
100151
100152
100153
100154
100155
100156
100157
100158
100159
100160
100161
100162
100163
100164
100165
100166
100167
100168
100169
100170
100171
100172
100173
100174
100175
100176
100177
100178
100179
100180
100181
100182
100183
100184
100185
100186
100187
100188
100189
100190
100191
100192
100193
100194
100195
100196
100197
100198
100199
100200
100201
100202
100203
100204
100205
100206
100207
100208
100209
100210
100211
100212
100213
100214
100215
100216
100217
100218
100219
100220
100221
100222
100223
100224
100225
100226
100227
100228
100229
100230
100231
100232
100233
100234
100235
100236
100237
100238
100239
100240
100241
100242
100243
100244
100245
100246
100247
100248
100249
100250
100251
100252
100253
100254
100255
100256
100257
100258
100259
100260
100261
100262
100263
100264
100265
100266
100267
100268
100269
100270
100271
100272
100273
100274
100275
100276
100277
100278
100279
100280
100281
100282
100283
100284
100285
100286
100287
100288
100289
100290
100291
100292
100293
100294
100295
100296
100297
100298
100299
100300
100301
100302
100303
100304
100305
100306
100307
100308
100309
100310
100311
100312
100313
100314
100315
100316
100317
100318
100319
100320
100321
100322
100323
100324
100325
100326
100327
100328
100329
100330
100331
100332
100333
100334
100335
100336
100337
100338
100339
100340
100341
100342
100343
100344
100345
100346
100347
100348
100349
100350
100351
100352
100353
100354
100355
100356
100357
100358
100359
100360
100361
100362
100363
100364
100365
100366
100367
100368
100369
100370
100371
100372
100373
100374
100375
100376
100377
100378
100379
100380
100381
100382
100383
100384
100385
100386
100387
100388
100389
100390
100391
100392
100393
100394
100395
100396
100397
100398
100399
100400
100401
100402
100403
100404
100405
100406
100407
100408
100409
100410
100411
100412
100413
100414
100415
100416
100417
100418
100419
100420
100421
100422
100423
100424
100425
100426
100427
100428
100429
100430
100431
100432
100433
100434
100435
100436
100437
100438
100439
100440
100441
100442
100443
100444
100445
100446
100447
100448
100449
100450
100451
100452
100453
100454
100455
100456
100457
100458
100459
100460
100461
100462
100463
100464
100465
100466
100467
100468
100469
100470
100471
100472
100473
100474
100475
100476
100477
100478
100479
100480
100481
100482
100483
100484
100485
100486
100487
100488
100489
100490
100491
100492
100493
100494
100495
100496
100497
100498
100499
100500
100501
100502
100503
100504
100505
100506
100507
100508
100509
100510
100511
100512
100513
100514
100515
100516
100517
100518
100519
100520
100521
100522
100523
100524
100525
100526
100527
100528
100529
100530
100531
100532
100533
100534
100535
100536
100537
100538
100539
100540
100541
100542
100543
100544
100545
100546
100547
100548
100549
100550
100551
100552
100553
100554
100555
100556
100557
100558
100559
100560
100561
100562
100563
100564
100565
100566
100567
100568
100569
100570
100571
100572
100573
100574
100575
100576
100577
100578
100579
100580
100581
100582
100583
100584
100585
100586
100587
100588
100589
100590
100591
100592
100593
100594
100595
100596
100597
100598
100599
100600
100601
100602
100603
100604
100605
100606
100607
100608
100609
100610
100611
100612
100613
100614
100615
100616
100617
100618
100619
100620
100621
100622
100623
100624
100625
100626
100627
100628
100629
100630
100631
100632
100633
100634
100635
100636
100637
100638
100639
100640
100641
100642
100643
100644
100645
100646
100647
100648
100649
100650
100651
100652
100653
100654
100655
100656
100657
100658
100659
100660
100661
100662
100663
100664
100665
100666
100667
100668
100669
100670
100671
100672
100673
100674
100675
100676
100677
100678
100679
100680
100681
100682
100683
100684
100685
100686
100687
100688
100689
100690
100691
100692
100693
100694
100695
100696
100697
100698
100699
100700
100701
100702
100703
100704
100705
100706
100707
100708
100709
100710
100711
100712
100713
100714
100715
100716
100717
100718
100719
100720
100721
100722
100723
100724
100725
100726
100727
100728
100729
100730
100731
100732
100733
100734
100735
100736
100737
100738
100739
100740
100741
100742
100743
100744
100745
100746
100747
100748
100749
100750
100751
100752
100753
100754
100755
100756
100757
100758
100759
100760
100761
100762
100763
100764
100765
100766
100767
100768
100769
100770
100771
100772
100773
100774
100775
100776
100777
100778
100779
100780
100781
100782
100783
100784
100785
100786
100787
100788
100789
100790
100791
100792
100793
100794
100795
100796
100797
100798
100799
100800
100801
100802
100803
100804
100805
100806
100807
100808
100809
100810
100811
100812
100813
100814
100815
100816
100818
100819
100820
100821
100822
100823
100824
100825
100826
100827
100828
100829
100830
100831
100832
100833
100834
100835
100836
100837
100838
100839
100840
100841
100842
100843
100844
100845
100846
100847
100848
100849
100850
100851
100852
100853
100854
100855
100856
100857
100858
100859
100860
100861
100862
100863
100864
100865
100866
100867
100868
100869
100870
100871
100872
100873
100874
100875
100876
100877
100878
100879
100880
100881
100882
100883
100884
100885
100886
100887
100888
100889
100890
100891
100892
100893
100894
100895
100896
100897
100898
100899
100900
100901
100902
100903
100904
100905
100906
100907
100908
100909
100910
100911
100912
100913
100914
100915
100916
100917
100918
100919
100920
100921
100922
100923
100924
100925
100926
100927
100928
100929
100930
100931
100932
100933
100934
100935
100936
100937
100938
100939
100941
100942
100943
100944
100945
100946
100947
100948
100949
100950
100951
100952
100953
100954
100955
100956
100957
100958
100959
100960
100961
100962
100963
100964
100965
100966
100967
100968
100969
100970
100971
100972
100973
100974
100975
100976
100977
100978
100980
100981
100982
100983
100984
100985
100986
100987
100988
100989
100990
100992
100993
100994
100995
100996
100997
100998
100999
101000
101002
101003
101004
101005
101006
101007
101008
101009
101010
101011
101012
101013
101014
101015
101016
101017
101018
101019
101020
101021
101022
101023
101024
101025
101026
101027
101028
101029
101030
101031
101032
101033
101034
101035
101036
101037
101038
101039
101040
101041
101042
101043
101044
101045
101046
101047
101048
101049
101050
101051
101052
101053
101054
101055
101056
101057
101058
101059
101060
101061
101062
101063
101064
101065
101066
101067
101068
101069
101070
101071
101072
101073
101074
101075
101076
101077
101078
101079
101080
101081
101082
101083
101084
101085
101086
101087
101088
101089
101090
101091
101092
101093
101094
101095
101096
101097
101098
101099
101100
101101
101102
101103
101104
101105
101106
101107
101108
101109
101110
101111
101112
101113
101114
101115
101116
101117
101118
101119
101120
101121
101122
101123
101124
101125
101126
101127
101128
101129
101130
101131
101132
101133
101134
101135
101136
101137
101138
101140
101141
101142
101143
101144
101145
101146
101147
101148
101149
101150
101151
101152
101153
101154
101155
101156
101157
101158
101159
101160
101161
101162
101163
101164
101165
101166
101167
101168
101169
101170
101171
101172
101173
101174
101175
101176
101177
101178
101179
101180
101181
101182
101183
101184
101185
101186
101187
101188
101189
101190
101191
101192
101193
101194
101195
101196
101197
101198
101199
101200
101201
101202
101203
101204
101205
101206
101207
101208
101209
101210
101211
101212
101213
101214
101215
101216
101217
101218
101219
101220
101221
101222
101223
101224
101225
101226
101227
101228
101229
101230
101231
101232
101233
101234
101235
101236
101237
101238
101239
101240
101241
101242
101243
101244
101245
101246
101247
101248
101249
101250
101251
101252
101253
101254
101255
101256
101257
101258
101259
101260
101261
101262
101263
101264
101265
101266
101267
101268
101269
101270
101271
101272
101273
101274
101275
101276
101277
101278
101279
101280
101281
101282
101283
101284
101285
101286
101287
101288
101289
101290
101291
101292
101293
101294
101295
101296
101297
101298
101299
101300
101301
101302
101303
101304
101305
101306
101307
101308
101309
101310
101311
101312
101313
101314
101315
101316
101317
101318
101319
110001
110002
110003
110004
110005
110006
110007
110008
110009
110010
110011
110012
110013
110014
110015
110016
110017
110018
110019
110020
110021
110022
110023
110024
110025
110026
110029
110030
110031
110032
110033
110034
110035
110036
110037
110038
110039
110040
110041
110042
110043
110044
110045
110046
110047
110048
110049
110050
110051
110052
110053
110054
110055
110056
110057
110058
110059
110060
110061
110062
110063
110064
110065
110066
110067
110068
110069
110070
110071
110072
110073
110074
110076
110077
110078
110079
110080
110081
110082
110083
110084
110085
110086
110087
110088
110089
110091
110092
110093
110094
110095
110096
110097
110098
110099
110100
110101
110102
110103
110104
110105
110106
110107
110108
110109
110110
110111
110112
110113
110114
110115
110116
110117
110118
110119
110120
110121
110122
110123
110124
110125
110126
110127
110128
110129
110130
110131
110132
110133
110134
110135
110136
110137
110138
110140
110141
110142
110143
110144
110145
110146
110147
110148
110150
110151
110152
110153
110154
110155
110156
110157
110158
110159
110160
110161
110162
110163
110164
110165
110166
110167
110168
110169
110170
110171
110172
110173
110174
110175
110176
110177
110178
110179
110180
110181
110182
110183
110184
110185
110186
110187
110188
110189
110190
110191
110192
110193
110194
110197
110198
110199
110200
110201
110202
110203
110204
110205
110206
110207
110208
110209
110210
110211
110212
110213
110214
110215
110216
110217
110218
110219
110221
110222
110223
110224
110225
110226
110227
110228
110229
110230
110231
110232
110233
110234
110235
110236
110237
110238
110239
110240
110241
110242
110243
110244
110245
110246
110247
110248
110249
110250
110251
110252
110253
110254
110255
110256
110257
110258
110259
110260
110261
110262
110263
110264
110265
110266
110267
110268
110269
110271
110272
110273
110274
110275
110276
110277
110278
110279
110280
110281
110282
110283
110284
110285
110286
110287
110289
110290
110291
110292
110293
110294
110295
110296
110297
110298
110299
110300
110301
110302
110303
110304
110305
110306
110307
110308
110309
110310
110311
110312
110313
110314
110315
110316
110317
110318
110319
110320
110321
110322
110323
110324
110325
110326
110327
110328
110329
110330
110331
110332
110333
110334
110335
110336
110337
110338
110339
110340
110341
110342
110344
110345
110346
110347
110348
110349
110350
110351
110352
110353
110354
110355
110356
110357
110358
110359
110360
110361
110362
110363
110364
110365
110366
110367
110368
110369
110370
110371
110372
110373
110374
110375
110376
110378
110379
110380
110381
110382
110383
110384
110385
110386
110387
110388
110389
110391
110392
110393
110394
110395
110396
110397
110398
110399
110400
110401
110402
110403
110404
110405
110406
110407
110408
110409
110411
110412
110413
110414
110415
110416
110417
110418
110419
110420
110421
110422
110423
110424
110425
110426
110427
110428
110429
110430
110431
110432
110433
110434
110435
110436
110437
110438
110439
110440
110441
110442
110443
110444
110445
110446
110447
110448
110449
110450
110451
110452
110453
110454
110455
110456
110458
110459
110460
110461
110462
110463
110464
110465
110466
110467
110468
110469
110470
110471
110472
110473
110474
110475
110476
110477
110478
110479
110481
110482
110483
110484
110485
120001
120002
120003
120004
120005
120006
120007
120008
120009
120010
120011
120012
120013
120014
120015
120016
120017
120018
120019
120020
120021
120022
120023
120024
120025
120026
120027
120028
120029
120030
120031
120032
120033
120034
120035
120036
120037
120038
120039
120040
120041
120042
120043
120044
120045
120046
120047
120048
120049
120050
120051
120052
120053
120054
120055
120056
120057
120058
120059
120060
120061
120062
120063
120064
120065
120066
120067
120068
120069
120070
120071
120072
120073
120074
120075
120076
120077
120078
120079
120080
120081
120082
120083
120084
120085
120086
120087
120088
120089
120090
120091
120092
120093
120094
120095
120096
120097
120098
120099
120100
120101
120102
120103
120104
120105
120106
120107
120108
120109
120110
120111
120112
120113
120114
120115
120116
120117
120118
120119
120120
120121
120122
120123
120124
120125
120126
120127
120128
120129
120130
120131
120132
120133
120134
120135
120136
120137
120138
120139
120140
120141
120142
120143
120144
120145
120146
120147
120148
120149
120150
120151
120152
120153
120154
120155
120156
120157
120158
120159
120160
120161
120162
120163
120164
120165
120166
120167
120168
120169
120170
120171
120172
120173
120174
120175
120176
120177
120178
120179
120180
120181
120182
120183
120184
120185
120186
120187
120188
120189
120190
120191
120192
120193
120194
120195
120196
120197
120198
120199
120200
120201
120202
120203
120204
120205
120206
120207
120208
120209
120210
120211
120212
120213
120214
120215
120216
120217
120218
120219
120220
120221
120222
120223
120224
120225
120226
120227
120228
120229
120230
120231
120232
120233
120234
120235
120236
120237
120238
120239
120240
120241
120242
120243
120244
120245
120246
120247
120248
120249
120250
120251
120252
120253
120254
120255
120256
120257
120258
120259
120260
120261
120262
120263
120264
120265
120266
120267
120268
120269
120270
120271
120272
120273
120274
120275
120276
120277
120278
120279
120280
120281
120282
120283
120284
120285
120286
120287
120288
120289
120290
120291
120292
120293
120294
120295
120296
120297
120298
120299
120300
120301
120302
120303
120304
120305
120306
120307
120308
120309
120310
120311
120312
120313
120314
120315
120316
120317
120318
120319
120320
120321
120322
120323
120324
120325
120326
120327
120328
120329
120330
120331
120332
120333
120334
120335
120336
120337
120338
120339
120340
120341
120342
120343
120344
120345
120346
120347
120348
120349
120350
120351
120352
120353
120354
120355
120356
120357
120358
120359
120360
120361
120362
120363
120364
120365
120366
120367
120368
120369
120370
120371
120372
120373
120374
120375
120376
120377
120378
120379
120380
120381
120382
120383
120384
120385
120386
120387
120388
120389
120390
120391
120392
120393
120394
120395
120396
120397
120398
120399
120400
120401
120402
120403
120404
120405
120406
120407
120408
120409
120410
120411
120412
120413
120414
120415
120416
120417
120418
120419
120420
120421
120422
120423
120424
120425
120426
120427
120428
120429
120430
120431
120432
120433
120434
120435
120436
120437
120438
120439
120440
120441
120442
120443
120444
120445
120446
120447
120448
120449
120450
120451
120452
120453
120454
120455
120456
120457
120458
120459
120460
120461
130001
130002
130003
130004
130005
130006
130007
130008
130009
130010
130011
130012
130013
130014
130015
130016
130017
130018
130019
130020
130021
130022
130023
130024
130025
130026
130027
130028
130029
130030
130031
130032
130033
130034
130035
130036
130037
130038
130039
130040
130041
130042
130043
130044
130045
130046
130047
130048
130049
130050
130051
130052
130053
130054
130055
130056
130057
130058
130059
130060
130061
130062
130063
130064
130065
130066
130067
130068
130069
130070
130071
130072
130073
130074
130075
130076
130077
130078
130079
130080
130081
130082
130083
130084
130085
130086
130087
130088
130089
130090
130091
130092
130093
130094
130095
130096
130097
130098
130099
130100
130101
130102
130103
130104
130105
130106
130107
130108
130109
130110
130111
130112
130113
130114
130115
130116
130117
130118
130119
130120
130121
130122
130123
130124
130125
130126
130127
130128
130129
130130
130131
130132
130133
130134
130135
130136
130137
130138
130139
130140
130141
130142
130143
130144
130145
130146
130147
130148
130149
130150
130151
130152
130153
130154
130155
130156
130157
130158
130159
130160
130161
130162
130163
130164
130165
130166
130167
130168
130169
130170
130171
130172
130173
130174
130175
130176
130177
130178
130179
130180
130181
130182
130183
130184
130185
130186
130187
130188
130189
130190
130191
130192
130193
130194
130195
130196
130197
130198
130199
130200
130201
130202
130203
130204
130205
130206
130207
130208
130209
130210
130211
130212
130213
130214
130215
130216
130217
130218
130219
130220
130221
130222
130223
130224
130225
130226
130227
130228
130229
130230
130231
130232
130233
130234
130235
130236
130237
130238
130239
130240
130241
130242
130243
130244
130245
130246
130247
130248
130249
130250
130251
130252
130253
130254
130255
130256
130257
130258
130259
130260
130261
130262
130263
130264
130265
130266
130267
130268
130269
130270
130271
130272
130273
130274
130275
130276
130277
130278
130279
130280
130281
130282
130283
130284
130285
130286
130287
130288
130289
130290
130291
130292
130293
130294
130295
130296
130297
130298
130299
130300
130301
130302
130303
130304
130305
130306
130307
130308
130309
130310
130311
130312
130313
130314
130315
130316
130317
130318
130319
130320
130321
130322
130323
130324
130325
130326
130327
130328
130329
130330
130331
130332
130333
130334
130335
130336
130337
130338
130339
130340
130341
130342
130343
130344
130345
130346
130347
130348
130349
130350
130351
130352
130353
130354
130355
130356
130357
130358
130359
130360
130361
130362
130363
130364
130365
130366
130367
130368
130369
130370
130371
130372
130373
130374
130375
130376
130377
130378
130379
130380
130381
130382
130383
130384
130385
130386
130387
130388
130389
130390
130391
130392
130393
130394
130395
130396
130397
130398
130399
130400
130401
130402
130403
130404
130405
130406
130407
130408
130409
130410
130411
130412
130413
130414
130415
130416
130417
130418
130419
130420
130421
130422
130423
130424
130425
130426
130427
130428
130429
130430
130431
130432
130433
130434
130435
130436
130437
130438
130439
130440
130441
130442
130443
130444
130445
130446
130447
130448
130449
130450
130451
130452
130453
130454
130455
130456
130457
130458
130459
130460
130461
130462
130463
130464
130465
130466
130467
130468
130469
130470
130471
130472
130473
130474
130475
130476
130477
130478
130479
130480
130481
130482
130483
130484
130485
130486
130487
130488
130489
130490
130491
130492
130493
130494
130495
130496
130497
130498
130499
130500
140001
140002
140003
140004
140005
140006
140007
140008
140009
140010
140011
140012
140013
140014
140015
140016
140017
140018
140019
140020
140021
140022
140023
140024
140025
140026
140027
140028
140029
140030
140031
140032
140033
140034
140035
140036
140037
140038
140039
140040
140041
140042
140043
140044
140045
140046
140047
140048
140049
140050
140051
140052
140053
140054
140055
140056
140057
140058
140059
140060
140061
140062
140063
140064
140065
140066
140067
140068
140069
140070
140071
140072
140073
140074
140075
140076
140077
140078
140079
140080
140081
140082
140083
140084
140085
140086
140087
140088
140089
140090
140091
140092
140093
140094
140095
140096
140097
140098
140099
140100
140101
140102
140103
140104
140105
140106
140107
140108
140109
140110
140111
140112
140113
140114
140115
140116
140117
140118
140119
140120
140121
140122
140123
140124
140125
140126
140127
140128
140129
140130
140131
140132
140133
140134
140135
140136
140137
140138
140139
140140
140141
140142
140143
140144
140145
140146
140147
140148
140149
140150
140151
140152
140153
140154
140155
140156
140157
140158
140159
140160
140161
140162
140163
140164
140165
140166
140167
140168
140169
140170
140171
140172
140173
140174
140175
140176
140177
140178
140179
140180
140181
140182
140183
140184
140185
140186
140187
140188
140189
140190
140191
140192
140193
140194
140195
140196
140197
140198
140199
140200
140201
140202
140203
140204
140205
140206
140207
140208
140209
140210
140211
140212
140213
140214
140215
140216
140217
140218
140219
140220
140221
140222
140223
140224
140225
140226
140227
140228
140229
140230
140231
140232
140233
140234
140235
140236
140237
140238
140239
140240
140241
140242
140243
140244
140245
140246
140247
140248
140249
140250
140251
140252
140253
140254
140255
140256
140257
140258
140259
140260
140261
140262
140263
140264
140265
140266
140267
140268
140269
140270
140271
140272
140273
140274
140275
140276
140277
140278
140279
140280
140281
140282
140283
140284
140285
140286
140287
140288
140289
140290
140291
140292
140293
140294
140295
140296
140297
140298
140299
140300
140301
140302
140303
140304
140305
140306
140307
140308
140309
140310
140311
140312
140313
140314
140315
140316
140317
140318
140319
140320
140321
140322
140323
140324
140325
140326
140327
140328
140329
140330
140331
140332
140333
140334
140335
140336
140337
140338
140339
140340
140341
140342
140343
140344
140345
140346
140347
140348
140349
140350
140351
140352
140353
140354
140355
140356
140357
140358
140359
140360
140361
140362
140363
140364
140365
140366
140367
140368
140369
140370
140371
140372
140373
140374
140375
140376
140377
140378
140379
140380
140381
140382
140383
140384
140385
140386
140387
140388
140389
140390
140391
140392
140393
140394
140395
140396
140397
140398
140399
140400
140401
140402
140403
140404
140405
140406
140407
140408
140409
140410
140411
140412
140413
140414
140415
140416
140417
140418
140419
140420
140421
140422
140423
140424
140425
140426
140427
140428
140429
140430
140431
140432
140433
140434
140435
140436
140437
140438
140439
140440
140441
140442
140443
140444
140445
140446
140447
140448
140449
140450
140451
140452
140453
140454
140455
140456
140457
140458
140459
140460
140461
140462
140463
140464
140465
140466
140467
140468
140469
140470
140471
140472
140473
140474
140475
140476
140477
140478
140479
140480
140481
140482
140483
140484
140485
140486
140487
140488
140489
140490
140491
140492
140493
140494
140495
140496
140497
140498
140499
140500
140501
140502
140503
140504
140505
140506
140507
140508
140509
140510
140511
140512
140513
140514
140515
140516
140517
140518
140519
140520
140521
140522
140523
140524
140525
140526
140527
140528
140529
140530
140531
140532
140533
140534
140535
140536
140537
140538
140539
140540
140541
140542
140543
140544
140545
140546
140547
140548
140549
140550
140551
140552
140553
140554
140555
140556
140557
140558
150001
150002
150003
150004
150005
150006
150007
150008
150009
150010
150011
150012
150013
150014
150015
150016
150017
150018
150019
150020
150021
150022
150023
150024
150025
150026
150027
150028
150029
150030
150031
150032
150033
150034
150035
150036
150037
150038
150039
150040
150041
150042
150043
150044
150045
150046
150047
150048
150049
150050
150051
150052
150053
150054
150055
150056
150057
150058
150059
150060
150061
150062
150063
150064
150065
150066
150067
150068
150069
150070
150071
150072
150073
150074
150075
150076
150077
150078
150079
150080
150081
150082
150083
150084
150085
150086
150087
150088
150089
150090
150091
150092
150093
150094
150095
150096
150097
150098
150099
150100
150101
150102
150103
150104
150105
150106
150107
150108
150109
150110
150111
150112
150113
150114
150115
150116
150117
150118
150119
150120
150121
150122
150123
150124
150125
150126
150127
150128
150129
150130
150131
150132
150133
150134
150135
150136
150137
150138
150139
150140
150141
150142
150143
150144
150145
150146
150147
150148
150149
150150
150151
150152
150153
150154
150155
150156
150157
150158
150159
150160
150161
150162
150163
150164
150165
150166
150167
150168
150169
150170
150171
150172
150173
150174
150175
150176
150177
150178
150179
150180
150181
150182
150183
150184
150185
150186
150187
150188
150189
150190
150191
150192
150193
150194
150195
150196
150197
150198
150199
150200
150201
150202
150203
150204
150205
150206
150207
150208
150209
150210
150211
150212
150213
150214
150215
150216
150217
150218
150219
150220
150221
150222
150223
150224
150225
150226
150227
150228
150229
150230
150231
150232
150233
150234
150235
150236
150237
150238
150239
150240
150241
150242
150243
150244
150245
150246
150247
150248
150249
150250
150251
150252
150253
150254
150255
150256
150257
150258
150259
150260
150261
150262
150263
150264
150265
150266
150267
150268
150269
150270
150271
150272
150273
150274
150275
150276
150277
150278
150279
150280
150281
150282
150283
150284
150285
150286
150287
150288
150289
150290
150291
150292
150293
150294
150295
150296
150297
150298
150299
150300
150301
150302
150303
150304
150305
150306
150307
150308
150309
150310
150311
150312
150313
150314
150315
150316
150317
150318
150319
150320
150321
150322
150323
150324
150325
150326
150327
150328
150329
150330
150331
150332
150333
150334
150335
150336
150337
150338
150339
150340
150341
150342
150343
150344
150345
150346
150347
150348
150349
150350
150351
150352
150353
150354
150355
150356
150357
150358
150359
150360
150361
150362
150363
150364
150365
150366
150367
150368
150369
150370
150371
150372
150373
150374
150375
150376
150377
150378
150379
150380
150381
150382
150383
150384
150385
150386
150387
150388
150389
150390
150391
150392
150393
150394
150395
150396
150397
150398
150399
150400
150401
150402
150403
150404
150405
150406
150407
150408
150409
150410
150411
150412
150413
150414
150415
150416
150417
150418
150419
150420
150421
150422
150423
150424
150425
150426
150427
150428
150429
150430
150431
150432
150433
150434
150435
150436
150437
150438
150439
150440
150441
150442
150443
150444
150445
150446
150447
150448
150449
150450
150451
150452
150453
150454
150455
150456
150457
150458
150459
150460
150461
150462
150463
150464
150465
150466
150467
150468
150469
150470
150471
150472
150473
150474
150475
150476
150477
150478
150479
150480
150481
150482
150483
150484
150485
150486
150487
150488
150489
150490
150491
150492
150493
150494
150495
150496
150497
150498
150499
150500
150501
150502
150503
150504
150505
150506
150507
150508
150509
150510
150511
150512
150513
150514
150515
150516
150517
150518
150519
150520
150521
150522
150523
150524
150525
150526
150527
150528
150529
150530
150531
150532
150533
150534
150535
150536
150537
150538
150539
150540
150541
150542
150543
150544
150545
150546
150547
150548
150549
150550
150551
150552
150553
150554
150555
150556
150557
150558
150559
150560
150561
150562
150563
150564
150565
150566
150567
150568
150569
150570
150571
150572
150573
150574
150575
150576
150577
150578
150579
150580
150581
150582
150583
150584
150585
150586
150587
150588
150589
150590
150591
150592
150593
150594
150595
150596
150597
150598
150599
150600
150601
150602
150603
160001
160002
160003
160004
160005
160006
160007
160008
160009
160010
160011
160013
160014
160015
160016
160017
160018
160019
160020
160021
160022
160023
160024
160025
160026
160027
160028
160029
160030
160031
160032
160033
160034
160035
160036
160037
160038
160039
160040
160041
160042
160043
160044
160045
160046
160047
160048
160049
160050
160051
160052
160053
160054
160055
160056
160057
160058
160059
160060
160061
160062
160063
160064
160065
160066
160067
160069
160070
160071
160072
160073
160074
160075
160076
160077
160078
160079
160080
160081
160082
160083
160084
160085
160086
160087
160088
160089
160090
160091
160092
160093
160095
160096
160097
160098
160099
160100
160101
160102
160103
160104
160105
160106
160107
160108
160109
160110
160111
160112
160113
160114
160115
160116
160117
160118
160119
160120
160121
160122
160123
160124
160125
160126
160127
160128
160129
160130
160131
160132
160133
160134
160135
160136
160137
160138
160139
160140
160141
160142
160143
160144
160145
160146
160147
160148
160149
160150
160151
160152
160153
160154
160155
160156
160157
160158
160159
160160
160161
160162
160163
160164
160165
160166
160167
160168
160169
160170
160171
160172
160173
160174
160175
160176
160177
160178
160179
160180
160181
160182
160183
160184
160185
160186
160187
160188
160189
160190
160191
160192
160193
160194
160195
160196
160197
160198
160199
160200
160201
160202
160203
160204
160205
160206
160207
160208
160209
160210
160211
160212
160213
160214
160215
160216
160217
160218
160219
160220
160221
160222
160223
160224
160225
160226
160227
160228
160229
160230
160231
160232
160233
160234
160235
160236
160237
160238
160239
160240
160241
160242
160243
160244
160245
160246
160247
160248
160249
160250
160251
160252
160253
160254
160255
160256
160257
160258
160259
160260
160261
160262
160263
160264
160265
160266
160267
160268
160269
160270
160271
160272
160273
160274
160275
160276
160277
160278
160279
160280
160281
160282
160283
160284
160285
160286
160287
160288
160289
160290
160291
160292
160293
160294
160295
160296
160297
160298
160299
160300
160301
160302
160303
160304
160305
160306
160307
160308
160309
160310
160311
160312
160313
160314
160315
160316
160317
160318
160319
160320
160321
160322
160323
160324
160325
160326
160327
160328
160329
160330
160331
160332
160333
160334
160335
160336
160337
160338
160339
160340
160341
160342
160343
160344
160345
160346
160347
160348
160349
160350
160351
160352
160353
160354
160355
160356
160357
160358
160359
160360
160361
160362
160363
160364
160365
160366
160367
160368
160369
160370
160371
160372
160373
160375
160376
160377
160378
160379
160380
160381
160382
160383
160384
160385
160386
160387
160388
160389
160390
160391
160392
160393
160394
160395
160396
160397
160398
160399
160400
160401
160402
160403
160404
160405
160407
160408
160409
160410
160412
160413
160414
160415
160416
160417
160418
160419
160420
160421
160422
160423
160424
160425
160426
160427
160428
160429
160430
160431
160432
160433
160434
160435
160436
160437
160438
160439
160440
160441
160442
160443
160444
160445
160446
160447
160448
160449
160450
160451
160452
160453
160454
160455
160456
160457
160458
160459
160460
160461
160462
160463
160464
160465
160466
160467
160468
160469
160470
160471
160472
160473
160474
160475
160476
160477
160478
160479
160480
160481
160482
160483
160484
160485
160486
160487
160488
160489
160490
160491
160492
160493
160494
160495
160496
160497
160498
160499
160500
160501
160502
160503
160504
160505
160506
160507
160508
160509
160510
160511
160512
160513
160514
160515
160516
160517
160518
160519
160520
160521
160522
160523
160524
160525
160526
160527
160528
160529
160530
160531
160532
160533
160534
160535
160536
160537
160538
160539
160540
160541
160542
160543
160544
160545
160546
160547
160548
160549
160550
160551
160552
160553
160554
160555
160556
160557
160558
160559
160560
160561
160562
160563
160564
160565
160566
160567
160568
160569
160570
160571
160572
160573
170001
170002
170003
170004
170005
170006
170007
170008
170009
170010
170011
170012
170013
170014
170015
170016
170017
170018
170019
170020
170021
170022
170023
170024
170025
170026
170027
170028
170029
170030
170031
170032
170033
170034
170035
170036
170037
170038
170039
170040
170041
170042
170043
170044
170045
170046
170047
170048
170049
170050
170051
170052
170053
170054
170055
170056
170057
170058
170059
170060
170061
170062
170063
170064
170065
170066
170067
170068
170069
170070
170071
170072
170073
170074
170075
170076
170077
170078
170079
170080
170081
170082
170083
170084
170085
170086
170087
170088
170089
170090
170091
170092
170093
170094
170095
170096
170097
170098
170099
170100
170101
170102
170103
170104
170105
170106
170107
170108
170109
170110
170111
170112
170113
170114
170115
170116
170117
170118
170119
170120
170121
170122
170123
170124
170125
170126
170127
170128
170129
170130
170131
170132
170133
170134
170135
170136
170137
170138
170139
170140
170141
170142
170143
170144
170145
170146
170147
170148
170149
170150
170151
170152
170153
170154
170155
170156
170157
170158
170159
170160
170161
170162
170163
170164
170165
170166
170167
170168
170169
170170
170171
170172
170173
170174
170175
170176
170177
170178
170179
170180
170181
170182
170183
170184
170185
170186
170187
170188
170189
170190
170191
170192
170193
170194
170195
170196
170197
170198
170199
170200
170201
170202
170203
170204
170205
170206
170207
170208
170209
170210
170211
170212
170213
170214
170215
170216
170217
170218
170219
170220
170221
170222
170223
170224
170225
170226
170227
170228
170229
170230
170231
170232
170233
170234
170235
170236
170237
170238
170239
170240
170241
170242
170243
170244
170245
170246
170247
170248
170249
170250
170251
170252
170253
170254
170255
170256
170257
170258
170259
170260
170261
170262
170263
170264
170265
170266
170267
170268
170269
170270
170271
170272
170273
170274
170275
170276
170277
170278
170279
170280
170281
170282
170283
170284
170285
170286
170287
170288
170289
170290
170291
170292
170293
170294
170295
170296
170297
170298
170299
170300
170301
170302
170303
170304
170305
170306
170307
170308
170309
170310
170311
170312
170313
170314
170315
170316
170317
170318
170319
170320
170321
170322
170323
170324
170325
170326
170327
170328
170329
170330
170331
170332
170333
170334
170335
170336
170337
170338
170339
170340
170341
170342
170343
170344
170345
170346
170347
170348
170349
170350
170351
170352
170353
170354
170355
170356
170357
170358
170359
170360
170361
170362
170363
170364
170365
170366
170367
170368
170369
170370
170371
170372
170373
170374
170375
170376
170377
170378
170379
170380
170381
170382
170383
170384
170385
170386
170387
170388
170389
170390
170391
170392
170393
170394
170395
170396
170397
170398
170399
170400
170401
170402
170403
170404
170405
170406
170407
170408
170409
170410
170411
170412
170413
170414
170415
170416
170417
170418
170419
170420
170421
170422
170423
170424
170425
170426
170427
170428
170429
170430
170431
170432
170433
170434
170435
170436
170437
170438
170439
170440
170441
170442
170443
170444
170445
170446
170447
170448
170449
170450
170451
170452
170453
170454
170455
170456
170457
170458
170459
170460
170461
170462
170463
170464
170465
170466
170467
170468
170469
170470
170471
170472
170473
170474
170475
170476
170477
170478
170479
170480
170481
170482
170483
170484
170485
170486
170487
170488
170489
170490
170491
170492
170493
170494
170495
170496
170497
170498
170499
170500
170501
170502
170503
170504
170505
170506
170507
170508
170509
170510
170511
170512
180001
180002
180003
180004
180005
180006
180007
180008
180009
180011
180012
180013
180014
180015
180016
180017
180018
180019
180020
180021
180022
180023
180024
180025
180026
180027
180028
180029
180030
180031
180032
180033
180034
180035
180036
180037
180038
180039
180040
180041
180042
180043
180044
180045
180046
180047
180048
180049
180050
180051
180052
180053
180054
180055
180056
180057
180058
180059
180060
180061
180062
180063
180064
180065
180066
180067
180068
180069
180070
180071
180072
180073
180074
180075
180076
180077
180078
180079
180080
180081
180082
180083
180084
180085
180086
180087
180088
180089
180090
180091
180092
180093
180094
180095
180096
180097
180098
180099
180100
180101
180102
180103
180104
180105
180106
180107
180108
180109
180110
180111
180112
180113
180114
180115
180116
180117
180118
180119
180120
180121
180122
180123
180124
180125
180126
180127
180128
180129
180130
180131
180132
180133
180134
180135
180136
180137
180138
180139
180140
180141
180142
180143
180144
180145
180146
180147
180148
180149
180150
180151
180152
180153
180154
180155
180156
180157
180158
180159
180160
180161
180162
180163
180164
180165
180166
180167
180168
180169
180170
180171
180172
180173
180174
180175
180176
180177
180178
180179
180180
180181
180182
180183
180184
180185
180186
180187
180188
180189
180190
180191
180192
180193
180194
180195
180196
180197
180198
180199
180200
180201
180202
180203
180204
180205
180206
180207
180208
180209
180210
180211
180212
180213
180214
180215
180216
180217
180218
180219
180220
180221
180223
180224
180225
180226
180227
180228
180229
180230
180231
180232
180233
180234
180235
180236
180237
180238
180239
180240
180241
180242
180243
180244
180245
180246
180247
180248
180249
180250
180251
180252
180253
180254
180255
180256
180257
180258
180259
180260
180261
180262
180263
180264
180265
180266
180267
180268
180269
180270
180271
180272
180273
180274
180275
180276
180277
180278
180279
180280
180281
180282
180283
180284
180285
180286
180287
180288
180289
180290
180291
180292
180293
180294
180295
180296
180297
180298
180299
180300
180301
180302
180303
180304
180305
180306
180307
180308
180309
180310
180311
180312
180313
180314
180315
180316
180317
180318
180319
180320
180321
180322
180323
180324
180325
180326
180327
180328
180329
180330
180331
180332
180333
180334
180335
180336
180337
180338
180339
180340
180341
180342
180343
180344
180345
180346
180347
180348
180349
180350
180351
180352
180353
180354
180355
180356
180357
180358
180359
180360
180361
180362
180363
180364
180365
180366
180367
180368
180369
180370
180371
180372
180373
180374
180375
180376
180377
180378
180379
180380
180381
180382
180383
180384
180385
180386
180387
180388
180389
180390
180391
180392
180393
180394
180395
180396
180397
180398
180399
180400
180401
180402
180403
180404
180405
180406
180407
180408
250001
250002
250003
250004
250005
250006
250007
250008
250009
250010
250011
250012
250013
250014
250015
250016
250017
250018
250019
250020
250021
250022
250023
250024
250025
250026
250027
250028
250029
250030
250031
250032
250033
250034
250035
250036
250037
250038
250039
250040
250041
250042
250043
250044
250045
250046
250047
250048
250049
250050
250051
250052
250053
250054
250055
250056
250057
250058
250059
250060
250061
250062
250063
250064
250065
250066
250067
250068
250069
250070
250071
250072
250073
250074
250075
250076
250077
250078
250079
250080
250081
250082
250083
250084
250085
250086
250087
250088
250089
250090
250091
250092
250093
250094
250095
250096
250097
250098
250099
250100
250101
250102
250103
250104
250105
250106
250107
250108
250109
250110
250111
250112
250113
250114
250115
250116
250117
250118
250119
250120
250121
250122
250123
250124
250125
250126
250127
250128
250129
250130
250131
250132
250133
250134
250135
250136
250137
250138
250139
250140
250141
250142
250143
250144
250145
250146
250147
250148
250149
250150
250151
250152
250153
250154
250155
250156
250157
250158
250159
250160
250161
250162
250163
250164
250165
250166
250167
250168
250169
250170
250171
250172
250173
250174
250175
250176
250177
250178
250179
250180
250181
250182
250183
250184
250185
250186
250187
250188
250189
250190
250191
250192
250193
250194
250195
250196
250197
250198
250199
250200
250201
250202
250203
250204
250205
250206
250207
250208
250209
250210
250211
250212
250213
250214
250215
250216
250217
250218
250219
250220
250221
250222
250223
250224
250225
250226
250227
250228
250229
250230
250231
250232
250233
250234
250235
250236
250237
250238
250239
250240
250241
250242
250243
250244
250245
250246
250247
250248
250249
250250
250251
250252
250253
250254
250255
250256
250257
250258
250259
250260
250261
250262
250263
250264
250265
250266
250267
250268
250269
250270
250271
250272
250273
250274
250275
250276
250277
250278
250279
250280
250281
250282
250283
250284
250285
250286
250287
250288
250289
250290
250291
250292
250293
250294
250295
250296
250297
250298
250299
250300
250301
250302
250303
250304
250305
250306
250307
250308
250309
250310
250311
250312
250313
250314
250315
250316
250317
250318
250319
250320
250321
250322
250323
250324
250325
250326
250327
250328
250329
250330
250331
250332
250333
250334
250335
250336
250337
250338
250339
250340
250341
250342
250343
250344
250345
250346
250347
250348
250349
250350
250351
250352
250353
250354
250355
250356
250357
250358
250359
250360
250361
250362
250363
250364
250365
250366
250367
250368
250369
250370
250371
250372
250373
250374
250375
250376
250377
250378
250379
250380
250381
250382
250383
250384
250385
250386
250387
250388
250389
250390
250391
250392
250393
250394
250395
250396
250397
250398
250399
250400
250401
250402
250403
250404
250405
250406
250407
250408
250409
250410
250411
250412
250413
250414
250415
250416
250417
250418
250419
250420
250421
250422
250423